score kills time
106.92 4 63
-32.3 1 89
-75.04 0 81
19.18 2 55
-85.25 0 74
-84.89 0 86
83.0 3 99
143.54 4 117
-72.27 0 90
-79.77 0 90
-27.66 1 77
-85.19 0 76
-3.81 1 122
55.65 2 104
-77.24 0 91
33.75 2 124
-54.35 0 104
-67.45 0 84
-84.92 0 85
3.27 1 108
-66.55 0 114
-84.38 0 103
103.72 3 123
-11.7 1 109
184.17 4 138
-84.77 0 90
-84.65 0 94
-61.82 0 105
47.88 2 95
138.69 4 122
-64.32 0 105
38.24 2 107
5.65 1 104
10.62 1 103
-62.27 0 90
-79.02 0 115
-81.91 0 102
-64.5 0 99
-85.13 0 78
-84.26 0 107
-66.94 0 101
-84.41 0 102
-79.62 0 95
-66.91 0 102
-84.56 0 97
28.42 1 113
-84.35 0 104
-11.88 1 103
-57.69 0 76
-19.5 1 99
-77.24 0 91
-72.15 0 94
-7.3 1 89
171.91 4 146
-72.12 0 95
-84.14 0 111
-84.38 0 103
32.88 2 95
88.96 3 131
30.8 2 109
89.48 3 65
-64.38 0 103
118.51 3 116
-34.8 1 89
-7.18 1 93
96.55 3 134
-6.16 1 127
-84.38 0 103
46.82 2 143
23.87 2 128
141.37 4 128
199.2 5 139
23.09 2 102
-84.2 0 109
-84.41 0 102
-67.27 0 90
-85.25 0 74
-84.56 0 97
108.75 3 124
-16.61 1 112
-56.19 0 126
28.12 1 103
-84.53 0 98
-23.78 1 123
-46.13 0 128
-3.78 1 123
220.88 5 195
74.17 2 138
-54.2 0 109
-85.04 0 81
82.82 3 93
-66.85 0 104
48.75 2 124
-84.38 0 103
-84.83 0 88
13.99 1 132
-44.53 1 98
16.01 1 116
-74.53 0 98
-72.45 0 84
-78.84 0 121
-19.77 1 90
150.8 4 109
47.97 2 98
-84.2 0 109
-77.87 0 70
53.09 2 102
-14.56 1 97
-84.2 0 109
-64.77 0 90
-14.17 1 110
225.43 4 180
-3.57 1 130
-56.91 0 102
-84.8 0 89
18.54 1 117
-61.52 0 115
59.02 2 133
-69.74 0 91
-34.5 1 99
-78.99 0 116
-74.2 0 109
-79.74 0 91
-84.32 0 105
-81.88 0 103
-33.69 1 126
-14.14 1 111
43.93 2 130
192.45 4 164
-84.35 0 104
-84.98 0 83
-46.43 0 118
-20.16 1 77
-19.56 1 97
-84.32 0 105
-74.53 0 98
278.71 6 206
215.4 5 179
-84.17 0 110
1.52 1 133
-61.61 0 112
46.28 2 125
-74.17 0 110
-84.53 0 98
-84.32 0 105
-13.51 1 132
-84.2 0 109
-84.77 0 90
-81.88 0 103
-43.24 0 141
3.57 1 118
-69.32 0 105
-84.74 0 91
11.04 1 117
-21.64 1 111
-84.29 0 106
-79.17 0 110
-46.91 0 102
-82.84 0 71
-63.96 0 117
-84.05 0 114
98.33 3 110
-83.66 0 127
-74.2 0 109
-59.32 0 105
-29.62 1 95
-76.16 0 127
6.4 1 129
-0.95 1 134
76.49 2 132
-83.75 0 124
-40.89 0 136
-85.43 0 68
-84.77 0 90
-74.74 0 91
158.6 4 119
-72.78 0 73
-84.41 0 102
-82.12 0 95
-14.2 1 109
-26.79 1 106
-84.89 0 86
176.52 4 133
-23.9 1 119
-64.56 0 97
-84.65 0 94
-25.16 1 77
-17.07 1 180
-24.35 1 104
-83.9 0 119
-74.2 0 109
106.91 3 146
-84.77 0 90
-1.82 1 105
10.86 1 111
66.94 2 147
88.33 3 110
46.94 2 147
-76.85 0 104
0.53 1 100
-46.46 0 117
-16.79 1 106
43.0 2 99
-18.78 1 123
-76.85 0 104
-9.44 1 101
-84.86 0 87
-83.81 0 122
-73.63 0 128
55.02 2 83
74.35 2 144
-1.94 1 101
23.36 2 111
-71.82 0 105
101.43 3 130
-13.99 1 116
-84.11 0 112
-84.77 0 90
-84.2 0 109
33.45 2 114
64.68 2 155
18.0 1 99
-84.44 0 101
-84.26 0 107
-84.65 0 94
-66.76 0 107
39.59 2 152
-14.17 1 110
-16.31 1 122
-84.62 0 95
-24.71 1 92
-81.31 0 122
9.38 1 145
-69.41 0 102
198.02 4 183
28.45 2 114
3.18 1 105
-77.42 0 85
91.91 3 146
233.26 5 191
-16.97 1 100
-78.42 0 135
-84.08 0 113
-71.64 0 111
131.64 3 137
257.06 5 151
-83.36 0 137
-81.97 0 100
74.77 2 158
59.35 2 144
4.35 1 144
-72.36 0 87
-84.59 0 96
-84.56 0 97
-71.94 0 101
-84.14 0 111
-84.44 0 101
-63.09 0 146
132.12 3 153
181.33 4 210
-9.29 1 106
-16.94 1 101
-8.27 1 140
-38.48 0 133
-83.3 0 139
173.59 3 202
-84.08 0 113
-11.64 1 111
-65.8 0 139
-83.51 0 132
-71.04 0 131
-84.23 0 108
-6.37 1 120
-84.32 0 105
24.5 2 149
-71.1 0 129
-83.63 0 128
-34.68 1 93
-9.26 1 107
-74.42 0 185
-83.63 0 128
69.41 3 146
-3.84 1 121
-11.46 1 117
-72.93 0 68
188.54 4 117
8.18 1 105
-81.55 0 114
-59.8 0 89
-9.62 1 95
201.21 5 206
95.56 3 102
-31.97 1 100
163.72 4 123
-82.15 0 94
-60.32 0 155
-26.94 1 101
-84.26 0 107
166.16 4 121
104.2 3 139
157.48 4 165
-83.45 0 134
13.21 1 106
-74.74 0 91
-54.77 0 90
-84.86 0 87
65.46 2 181
-71.64 0 111
160.95 4 114
-24.47 1 100
79.56 2 151
-79.5 0 99
-84.17 0 110
37.12 2 153
71.85 2 144
-83.96 0 117
100.07 3 168
-84.53 0 98
-84.62 0 95
25.2 2 89
111.43 3 130
54.41 2 146
3.39 1 112
-4.29 1 106
-14.05 1 114
39.2 2 139
-12.33 1 88
-82.45 0 84
-74.32 0 105
-20.71 1 142
-82.57 0 80
-71.79 0 106
-8.27 1 140
-56.4 0 119
-84.86 0 87
-79.44 0 101
-81.98 0 183
-81.64 0 111
-26.25 1 124
-72.39 0 86
-62.24 0 91
77.57 2 168
-79.29 0 106
-9.59 1 96
-69.35 0 104
-77.12 0 95
-77.97 0 150
-1.13 1 128
-31.1 1 129
103.87 3 128
5.07 1 168
-84.32 0 105
156.43 4 130
167.3 4 159
99.08 3 135
-14.44 1 101
-76.34 0 121
-58.81 0 122
56.16 2 121
-68.66 0 127
64.23 2 140
-28.33 1 138
198.9 5 129
-26.61 1 112
101.97 2 148
197.06 5 151
-52.18 0 93
-75.61 0 62
-68.72 0 125
-24.65 1 94
-62.06 0 97
71.7 2 139
-71.97 0 100
-30.8 1 139
-63.24 0 141
-82.76 0 157
-75.59 0 146
-24.5 1 99
-19.2 1 109
48.6 2 119
4.23 1 140
-83.51 0 132
20.29 2 92
-83.39 0 136
18.15 1 104
-84.02 0 115
9.68 1 155
-83.63 0 128
-84.17 0 110
-70.65 0 144
110.88 3 195
95.56 3 101
104.05 3 134
36.19 2 122
222.75 5 174
-76.91 0 102
186.21 4 206
84.02 2 133
65.56 2 101
49.92 2 163
-83.42 0 135
11.34 2 127
62.69 2 172
-13.9 1 119
-84.77 0 90
-82.46 0 167
64.11 2 136
191.24 5 207
-79.66 0 177
-13.57 1 130
-15.98 1 133
109.23 3 140
81.34 3 127
33.3 2 109
-67.37 0 170
-84.86 0 87
-68.78 0 123
-1.37 1 120
20.95 1 114
53.87 2 128
4.86 1 161
-77.75 0 74
28.39 2 112
39.53 2 150
-56.52 0 115
-44.62 1 95
68.9 2 129
-82.55 0 164
99.5 3 149
-15.32 1 155
133.66 4 121
-74.56 0 97
56.34 2 127
40.32 2 93
-83.18 0 143
-67.19 0 176
-74.53 0 98
-28.43 1 218
-64.33 0 188
50.79 2 192
78.48 3 115
-48.82 0 205
73.99 2 132
-84.62 0 95
-72.09 0 96
5.95 1 114
45.58 2 185
213.09 5 102
-9.36 1 187
161.24 4 207
-41.7 0 109
136.16 3 122
-67.04 0 181
91.43 3 130
-68.55 0 214
6.25 1 124
-16.34 1 121
190.79 4 192
144.62 3 153
8.54 1 117
-79.77 0 90
7.42 1 163
230.37 5 178
142.06 4 151
-55.77 0 140
-83.78 0 123
-63.87 0 120
-29.5 1 99
146.81 4 226
72.57 2 168
230.22 5 173
170.95 4 114
131.97 4 148
-31.16 0 127
223.74 5 207
-66.49 0 116
5.82 1 193
270.94 5 197
143.63 4 120
-82.13 0 178
62.81 2 176
-69.27 0 190
-4.41 1 102
165.4 4 179
-65.83 0 138
-84.17 0 110
-12.18 1 93
-11.62 1 195
227.48 5 165
-11.61 1 112
174.53 4 150
23.09 1 102
121.0 3 199
166.42 4 213
177.36 4 161
81.55 2 134
187.46 4 81
130.95 4 114
226.76 5 141
288.68 6 205
47.72 2 173
131.7 3 139
148.45 4 114
-77.7 0 159
451.45 9 214
247.84 6 177
-5.44 0 151
98.84 3 127
272.45 6 164
160.65 4 104
194.29 4 142
75.34 2 177
241.07 5 118
33.12 1 103
211.52 5 133
168.24 4 107
252.74 5 257
30.41 1 96
195.67 5 188
174.2 4 139
-70.04 0 81
209.32 5 143
151.57 4 218
175.91 4 196
230.54 5 267
187.54 5 167
-34.32 0 105
71.79 3 142
143.78 4 125
-82.31 0 172
-69.81 0 172
-80.9 0 219
214.07 5 218
208.59 5 202
91.13 2 120
-31.19 1 126
-56.73 0 108
38.66 1 121
-70.65 0 144
379.61 7 236
178.72 4 123
149.53 4 150
88.3 3 109
173.3 4 109
15.95 1 114
137.9 3 179
267.53 5 250
207.69 4 172
227.99 5 182
196.25 4 124
332.47 6 248
26.67 1 138
240.52 5 183
191.93 4 230
112.03 3 150
237.84 5 177
245.6 6 269
394.97 8 248
66.55 2 134
87.54 3 167
125.34 4 177
115.76 3 191
111.37 3 128
213.13 5 270
290.16 6 171
273.8 6 209
320.49 7 182
133.17 3 188
61.49 2 132
-28.09 1 146
166.76 4 141
25.92 2 113
178.43 4 280
-67.24 0 91
-3.9 1 119
327.36 7 161
-70.05 0 164
-72.42 0 85
44.23 2 140
186.64 4 137
36.19 2 122
210.93 5 280
206.4 4 129
17.9 2 179
63.48 2 115
310.4 6 179
134.38 3 145
66.7 1 139
-21.97 1 100
-71.91 0 102
86.73 3 140
28.9 2 129
265.71 6 356
306.11 7 286
-81.26 0 207
48.02 2 183
107.51 3 166
-40.5 0 149
219.4 5 229
199.25 5 224
-83.03 0 148
-0.57 1 230
26.55 1 134
-79.95 0 84
-82.7 0 159
188.99 4 132
175.94 4 197
175.07 4 168
113.75 3 124
75.64 2 187
250.06 5 251
132.69 4 172
279.01 6 216
115.64 3 187
-81.53 0 198
528.37 10 278
-72.88 0 153
173.97 3 298
111.04 4 117
433.13 9 270
414.55 8 234
33.39 2 112
119.62 3 153
11.13 1 120
234.25 5 224
-73.76 0 207
68.17 3 188
136.33 3 210
307.83 7 260
-13.0 1 149
167.26 5 241
158.87 4 128
257.81 6 176
95.98 3 115
343.22 7 273
29.5 1 149
221.33 5 210
163.23 4 190
-39.41 0 102
268.5 6 199
151.13 4 120
260.76 6 191
260.34 6 177
124.91 3 246
22.39 1 162
243.59 5 202
228.29 5 192
40.46 2 181
257.98 6 265
187.99 5 183
152.3 4 159
630.15 12 254
151.61 4 136
118.93 3 130
368.83 7 210
265.85 6 194
162.63 3 170
462.1 9 319
158.53 4 200
140.85 4 194
179.46 4 231
89.95 2 164
249.25 5 224
278.83 5 210
145.37 4 178
461.2 9 289
262.26 6 241
136.28 3 125
316.21 7 206
206.12 5 203
49.95 2 164
361.9 7 229
331.36 7 211
-83.87 0 120
156.96 4 231
183.84 4 127
196.73 4 140
210.94 5 197
57.68 2 255
106.06 3 202
381.05 8 284
43.56 2 201
197.1 5 319
205.0 5 249
371.69 8 222
-43.76 0 207
217.0 5 149
227.72 5 173
242.62 5 253
228.53 4 200
139.98 3 165
132.24 4 157
195.28 5 175
8.75 1 124
-66.62 0 195
-24.62 1 95
190.16 5 171
21.1 1 119
202.66 5 171
221.18 5 205
-23.18 1 143
255.31 5 176
-74.48 0 183
31.52 1 133
192.06 5 151
303.71 6 206
72.27 2 158
260.45 5 265
221.32 5 293
229.48 5 315
181.39 4 212
140.01 4 166
289.28 6 225
-84.23 0 108
175.94 4 197
142.03 3 150
-62.24 0 91
205.19 5 172
284.25 6 224
71.61 3 136
55.95 2 114
191.75 5 224
222.57 5 168
-43.63 0 128
112.2 3 239
7.12 1 153
57.36 2 161
127.47 3 248
296.79 7 143
257.59 6 252
181.91 4 146
222.93 5 180
131.76 3 141
169.62 4 153
218.44 5 197
145.82 3 194
318.17 7 188
243.02 6 183
187.27 4 158
-17.0 1 99
341.68 8 305
111.34 3 127
78.63 2 120
205.28 4 175
156.19 4 122
206.13 5 120
242.99 5 182
112.9 2 179
131.52 4 133
175.1 4 169
271.36 6 211
113.08 3 185
61.28 2 125
71.22 2 123
431.27 9 208
11.31 1 126
439.1 9 219
318.86 6 211
168.02 4 183
318.2 7 189
425.63 8 270
196.82 4 143
167.33 4 160
223.26 5 191
161.7 4 139
320.67 7 188
345.67 7 188
380.18 7 255
390.45 8 264
208.83 5 210
-43.72 0 125
156.49 4 132
194.32 4 143
129.65 4 154
180.16 4 171
323.83 7 210
209.56 4 151
195.21 5 256
167.51 4 166
110.77 3 108
259.01 6 216
172.3 4 159
-83.18 0 143
263.59 6 202
106.73 2 140
83.27 2 108
8.69 1 123
273.44 6 197
169.56 4 151
212.45 5 164
354.16 7 221
98.48 3 115
243.5 5 199
119.74 3 157
166.55 4 134
-84.89 0 86
498.46 10 281
144.38 4 145
141.27 4 208
323.14 6 187
252.99 5 182
346.12 7 203
103.81 2 126
308.77 6 208
264.55 6 234
239.86 5 411
-11.41 1 202
-82.84 0 71
-64.05 0 114
154.5 3 149
273.32 6 193
198.03 5 351
204.62 5 153
152.39 4 162
220.37 5 178
336.54 6 217
212.9 4 179
64.2 2 139
182.06 4 151
280.49 6 182
106.55 3 134
-7.91 1 152
166.82 4 143
244.69 5 322
215.0 5 249
151.33 4 210
289.34 6 227
116.97 3 148
292.24 7 157
-2.24 1 91
157.18 4 155
185.73 4 190
205.16 4 171
214.92 5 163
-83.99 0 116
137.42 3 163
375.55 8 184
372.14 8 237
343.98 7 215
336.51 6 216
69.26 2 141
350.1 7 169
114.14 3 137
248.77 5 208
28.05 1 184
201.0 5 199
284.74 6 157
194.98 4 165
147.81 3 177
34.29 2 142
227.17 5 238
428.37 7 278
178.96 4 131
192.62 5 253
210.13 5 170
12.88 1 95
11.79 1 142
143.41 3 196
258.35 5 194
174.35 4 144
194.2 4 139
-84.77 0 90
366.06 7 201
287.78 6 175
-84.35 0 104
510.12 10 253
257.09 6 152
207.9 5 179
105.56 3 101
-84.59 0 96
164.26 4 141
186.58 4 135
373.29 8 192
285.79 6 192
355.6 8 269
184.74 4 157
393.7 9 289
365.69 7 272
193.86 5 211
-71.91 0 102
599.84 12 327
-82.37 0 170
199.35 5 144
188.41 4 196
344.49 7 232
220.39 5 262
172.57 4 168
42.87 2 178
98.84 2 127
126.67 3 138
250.28 5 176
266.4 6 129
161.63 4 220
280.06 5 251
103.98 3 215
-15.44 1 151
343.92 7 213
342.78 7 175
210.22 5 173
283.05 6 184
273.13 6 270
138.54 3 117
223.38 4 195
269.07 6 218
372.8 7 259
225.46 5 181
264.8 5 159
-60.92 0 135
-19.2 1 109
63.57 2 118
262.11 5 236
129.23 3 140
374.01 8 216
233.08 5 185
41.76 1 141
220.43 5 180
233.29 5 192
74.41 2 146
141.58 3 135
141.4 4 129
200.49 4 182
162.69 3 172
208.28 5 275
209.41 4 146
-72.91 0 152
204.38 5 145
333.02 6 183
58.5 2 199
111.25 3 124
472.44 9 247
149.8 4 159
238.95 5 214
180.64 4 187
215.33 5 260
255.28 5 175
-69.74 0 91
325.27 7 258
323.14 7 187
227.09 4 152
199.23 4 140
360.16 7 171
3.06 1 101
217.9 5 179
146.76 3 141
169.32 4 143
274.82 6 243
257.44 5 247
171.94 5 147
163.99 4 132
286.21 5 206
225.88 5 195
230.13 5 170
-9.99 1 166
444.04 9 217
176.94 4 147
894.98 16 415
234.22 5 223
520.24 10 257
164.74 4 157
165.16 4 172
447.71 9 256
262.72 5 173
289.17 6 138
249.65 5 155
-84.56 0 97
223.71 5 206
199.07 4 218
232.81 5 176
273.5 6 200
141.76 3 141
183.82 4 293
1.12 1 203
-65.02 0 165
226.35 5 294
201.4 4 130
277.17 6 238
220.61 5 186
231.82 5 143
174.31 5 226
241.02 5 283
408.32 8 193
314.61 6 237
245.4 5 179
331.45 6 214
243.74 5 207
76.31 2 126
498.53 9 200
232.12 5 153
412.26 8 241
368.95 7 214
240.85 6 194
279.91 6 246
246.7 5 139
560.45 10 264
171.55 4 134
235.55 5 184
305.64 6 187
200.04 4 167
360.37 7 178
357.17 7 238
436.68 9 305
338.11 7 186
441.26 8 291
295.16 6 171
304.07 6 218
136.43 3 130
217.18 5 155
324.23 7 140
78.29 2 192
295.1 6 169
165.67 4 188
285.79 6 192
420.36 7 261
60.37 2 178
169.14 4 137
319.01 6 216
186.55 4 134
290.28 6 175
94.7 2 239
202.12 5 153
370.31 7 176
112.18 3 155
176.91 4 146
239.26 5 141
272.29 5 242
316.27 6 208
86.91 2 146
285.7 6 189
44.8 1 159
328.98 7 215
-83.27 0 140
129.59 3 152
257.86 5 261
102.03 3 150
315.22 6 173
-16.04 1 131
174.32 4 143
318.16 6 271
492.98 9 265
374.55 7 234
-82.79 0 156
-84.71 0 92
221.55 5 134
134.86 4 161
262.7 5 339
53.75 2 124
53.18 2 105
122.48 3 165
286.54 6 217
386.72 7 223
66.19 2 122
232.57 4 168
276.28 6 125
249.64 6 237
259.47 5 148
235.61 6 186
248.23 5 190
100.34 3 177
200.1 5 169
344.46 7 231
363.77 7 208
428.04 8 267
536.53 10 300
227.53 5 250
83.99 2 132
420.85 8 194
-83.27 0 140
208.47 5 198
476.32 10 293
336.75 7 224
413.41 8 196
313.56 6 201
185.55 5 184
311.78 6 226
189.35 4 144
-15.17 1 160
301.03 7 200
-84.53 0 98
391.75 7 224
212.51 5 166
432.77 8 258
278.85 6 294
211.57 5 218
225.42 5 263
264.46 6 231
-83.78 0 123
175.43 4 180
-84.53 0 98
258.11 5 186
227.39 5 162
108.17 3 188
241.33 5 210
201.91 5 146
-72.33 0 88
294.22 6 224
408.1 8 269
353.11 7 186
222.81 5 176
21.16 1 121
200.85 4 194
210.79 5 192
63.14 2 187
213.17 5 188
86.42 3 213
291.66 6 221
449.76 8 241
287.6 6 169
337.66 7 172
183.35 5 194
358.17 7 188
476.6 9 219
59.26 1 141
329.49 7 232
203.56 5 201
182.12 4 153
216.93 5 230
78.02 2 183
-60.26 0 157
184.44 4 147
229.56 5 151
400.51 8 266
294.64 6 237
425.88 9 195
233.04 5 267
123.78 3 125
75.8 2 109
252.51 5 166
194.65 5 154
240.73 5 190
172.21 4 156
202.2 5 239
318.16 7 272
240.34 5 177
107.0 3 149
370.36 7 261
118.74 3 207
73.87 2 128
163.1 5 269
293.98 6 215
231.6 5 219
170.37 4 178
-83.51 0 132
198.08 5 185
335.94 7 197
-74.36 0 187
38.14 1 187
61.01 2 116
55.34 2 177
455.81 9 276
308.5 5 199
174.95 4 164
115.86 3 111
235.12 5 253
289.16 6 221
235.94 5 197
241.6 6 219
466.29 9 292
278.49 6 282
236.59 6 302
101.28 2 125
61.52 2 133
64.53 2 150
86.52 2 133
105.07 2 168
152.21 4 156
285.61 6 186
241.79 5 142
21.13 1 120
-64.71 0 92
207.27 5 158
311.36 6 211
232.9 5 179
230.19 5 172
275.99 6 282
96.19 2 122
154.98 4 165
78.93 2 130
235.52 6 183
301.06 7 201
66.22 2 123
80.55 3 184
183.77 5 208
253.59 6 202
376.06 7 201
-22.19 0 176
-82.85 0 154
117.96 3 181
306.69 6 222
66.43 2 130
138.33 4 110
327.26 6 241
234.8 5 159
111.48 3 215
283.32 6 193
330.67 6 188
342.24 7 157
232.51 5 166
291.66 6 221
49.2 2 139
460.44 9 347
473.53 10 200
222.03 6 150
3.51 1 116
288.62 6 203
62.0 2 149
367.99 7 182
176.1 4 119
-1.34 1 121
273.2 6 189
235.91 5 196
124.56 3 151
191.72 5 223
287.11 5 236
419.61 8 236
476.47 9 298
233.23 5 190
225.4 5 179
214.5 4 149
-9.24 1 191
202.69 5 172
303.49 6 282
118.51 3 117
14.08 1 135
99.14 2 137
235.28 5 175
252.3 5 159
602.86 11 261
219.89 5 162
330.55 6 184
338.02 7 183
-33.25 1 224
49.65 2 154
282.33 6 160
337.54 7 167
280.62 5 853
282.15 6 154
181.79 4 142
11.34 1 127
26.61 1 136
353.14 7 187
318.29 6 192
290.52 6 183
992.12 18 403
364.52 7 233
253.26 5 191
172.06 4 151
594.64 11 237
158.39 3 112
400.06 8 251
280.16 6 171
163.84 3 127
176.61 4 136
288.8 6 209
163.6 4 119
175.92 4 113
261.82 5 143
237.18 5 155
149.41 4 146
245.24 5 257
391.69 7 222
496.86 10 311
-11.56 1 197
274.73 6 240
196.67 5 139
350.4 8 179
397.47 8 248
309.92 6 163
-83.6 0 129
346.81 7 226
255.91 5 196
179.11 4 136
126.49 3 132
137.48 3 165
67.7 2 89
239.65 5 154
237.48 5 165
328.23 7 190
240.16 5 171
171.34 4 127
244.2 5 139
173.36 4 111
42.69 2 172
225.55 5 184
171.43 4 130
489.48 9 315
98.48 3 115
-82.91 0 152
169.05 4 134
189.86 4 161
306.09 7 202
329.85 7 244
235.4 5 179
270.88 5 195
163.69 4 122
284.07 6 218
-41.94 0 101
78.45 2 114
106.04 3 117
80.71 2 106
259.68 5 155
189.14 4 137
298.56 6 201
325.52 7 183
364.13 7 220
50.38 2 95
400.57 7 268
102.74 2 257
432.35 9 244
425.52 9 183
239.1 5 219
309.73 6 240
182.84 4 177
230.4 5 179
360.4 7 179
-75.5 0 149
243.68 4 205
232.6 4 169
227.72 5 173
82.57 3 168
116.46 3 131
106.73 3 140
-83.42 0 135
11.28 1 125
216.4 4 129
